Currently running on node: oak-cn2
Proc: 2, S: 553455.378439
Proc: 0, S: 553330.085213
Result: 0.695184036270, n: 10000000
Time: 0.235092
Proc: 3, S: 553197.019134
Proc: 1, S: 552857.031834
Proc: 1, S: 6090670.531035
Proc: 2, S: 6088489.390525
Proc: 3, S: 6087886.699336
Proc: 0, S: 6089856.915175
Result: 0.765194692131, n: 100000000
Time: 2.538026
